%YAML:1.0
---
target2cam01: !!opencv-matrix
  rows: 4
  cols: 4
  dt: d
  data: [0.03217746144087852, -0.9888245700192507, -0.1455698481879555, 135.9560532527401,
        0.9144789884832837, 0.08790366423949575, -0.3949697778765613, -41.23644292334733,
        0.4033519438378982, -0.1204114427266513, 0.9070878093452005, 380.9433193025574,
        0, 0, 0, 1]
target2cam02: !!opencv-matrix
  rows: 4
  cols: 4
  dt: d
  data: [0.06262272047439971, -0.9974794311039886, -0.03336434331510531, 113.4949568630841,
        0.9832880080544576, 0.06738879033592499, -0.1691255277991984, -64.64482171271662,
        0.1709476179906637, -0.02221565802590043, 0.9850296322658494, 347.6400735663287,
        0, 0, 0, 1]

target2cam03: !!opencv-matrix
  rows: 4
  cols: 4
  dt: d
  data: [-0.01170205985521532, -0.8988526682940601, -0.4380946729826708, 180.7241090775647,
        0.9946406950906383, 0.03454706683583417, -0.0974494117101376, -53.95226323758228,
        0.1027275496872989, -0.4368871488996771, 0.8936311709321436, 514.3437518844075,
        0, 0, 0, 1]

target2cam04: !!opencv-matrix
  rows: 4
  cols: 4
  dt: d
  data: [-0.06898233789767504, -0.9047595675739113, -0.4202993718073343, 166.7242487150877,
        0.9860077981677604, 0.002254781093836908, -0.16668394618134, 24.26455244711471,
        0.151756578145845, -0.4259167064646416, 0.8919444490234669, 615.1215068183059,
        0, 0, 0, 1]

target2cam05: !!opencv-matrix
  rows: 4
  cols: 4
  dt: d
  data: [0.5434307501563939, 0.7979593133074483, 0.2606606109299305, -267.6140689241807,
        -0.7547526615631706, 0.6003715259706235, -0.2643907159243966, 14.11279934722869,
        -0.3674662428683335, -0.0530562447748662, 0.9285222642686712, 520.6050361002349,
        0, 0, 0, 1]

target2cam06: !!opencv-matrix
  rows: 4
  cols: 4
  dt: d
  data: [0.9871693099045882, 0.001300488875197107, -0.1596717329748271, 102.1425389768893,
        0.01327827186690634, 0.9958348193196344, 0.09020365916557821, -119.2282731863266,
        0.1591239802126868, -0.09116644864925236, 0.983040303121879, 413.4585766667393,
        0, 0, 0, 1]

target2cam07: !!opencv-matrix
  rows: 4
  cols: 4
  dt: d
  data: [0.6882952950170128, 0.004835866353914343, -0.7254145030629389, -269.9554746983414,
        0.06985057147551049, 0.9948895568525418, 0.07290862315458643, -113.4986445777273,
        0.7220598898443176, -0.10085327987904, 0.6844400130147653, 481.9916762922463,
        0, 0, 0, 1]

target2cam08: !!opencv-matrix
  rows: 4
  cols: 4
  dt: d
  data: [0.6493859700308469, -0.1559757742586124, -0.7442912197329231, -237.3093394017367,
        0.07085626403518119, 0.98689207221228, -0.1449945780073471, -132.8890823788564,
        0.7571507457396266, 0.04141974950405133, 0.651925726273284, 485.900134488424,
        0, 0, 0, 1]

target2cam09: !!opencv-matrix
  rows: 4
  cols: 4
  dt: d
  data: [0.9297765056561516, -0.2320365916051094, -0.2857878053488634, 61.45846604336563,
        0.1703487805178876, 0.9594097441656958, -0.2247537224963864, -103.3370599036759,
        0.3263386929340508, 0.1602871266078402, 0.9315637898383006, 373.1894219136454,
        0, 0, 0, 1]

target2cam10: !!opencv-matrix
  rows: 4
  cols: 4
  dt: d
  data: [0.05473079479085888, -0.9693463386048708, 0.2395249797722399, 179.0897632845463,
        0.9177411165381688, -0.04567456870424201, -0.39454413794778, -73.16917250140072,
        0.3933901156826849, 0.2414156366249141, 0.887109185656507, 344.6305321777664,
        0, 0, 0, 1]
  
gripper2base01: !!opencv-matrix
  rows: 4
  cols: 4
  dt: d
  data: [-0.03297927740105067, -0.8931522828781312, 0.4485436348749427,  781.20001,
        -0.9889760982746338, 0.09398301747812331, 0.1144268377489601,  338.59,
        -0.1443560719490051, -0.4398251940045839, -0.8864057005072823, 903.47998,
        0, 0, 0, 1]

gripper2base02: !!opencv-matrix
  rows: 4
  cols: 4
  dt: d
  data: [-0.05765560762676536, -0.9708910708322454, 0.2324786752851849,  867.65002,
        -0.9969269266810485, 0.06836159770420459, 0.03825399019082287,  382.51999,
        -0.05303307250142097, -0.2295586902715012, -0.9718488641147474,  884.41998,
        0, 0, 0, 1]

gripper2base03: !!opencv-matrix
  rows: 4
  cols: 4
  dt: d
  data: [0.02706358395355735, -0.9866644894830339, 0.1605016213248231,  856.90997,
        -0.9064932265676475, 0.04345372413264977, 0.4199783303475524,  172.99001,
        -0.4213520884513855, -0.1568597499959719, -0.8932286551839574,  964.60999,
        0, 0, 0, 1]

gripper2base04: !!opencv-matrix
  rows: 4
  cols: 4
  dt: d
  data: [0.08156515488912897, -0.9743977416549333, 0.2095140999625946,  748.81,
        -0.9049858960028772, 0.01566124909525608, 0.4251532369944285,  146.75,
        -0.4175496101379395, -0.2242850016097604, -0.8805388266164726,  1043.29,
        0, 0, 0, 1]

gripper2base05: !!opencv-matrix
  rows: 4
  cols: 4
  dt: d
  data: [0.5343486310554724, -0.7303756133659112, 0.4254679169390385,  627.65997,
        -0.7994058389699532, -0.6002124176111558, -0.02636888730895692,  554.08002,
        0.2746303379535675, -0.3260313629223432, -0.9045892265963928,  920.84998,
        0, 0, 0, 1]

gripper2base06: !!opencv-matrix
  rows: 4
  cols: 4
  dt: d
  data: [-0.9817933440208435, -0.01430648109786638, 0.1894126013753931,  715.06,
        2.48902451209023e-06, 0.9971587424641397, 0.07532907686632009, 195.96001,
        -0.1899521201848984, 0.07395805773071995, -0.9790037806680125, 889.38,
        0, 0, 0, 1]

gripper2base07: !!opencv-matrix
  rows: 4
  cols: 4
  dt: d
  data: [-0.6974151039926824, -0.0547574213646869, 0.7145725110381964,  790.90002,
        -0.0009756514141850622, 0.9971484899981754, 0.07545888642769476,  196.28999,
        -0.7166667580604553, 0.05192899086230662, -0.6954798074246327,  1117.38,
        0, 0, 0, 1]

gripper2base08: !!opencv-matrix
  rows: 4
  cols: 4
  dt: d
  data: [-0.6578525149713528, -0.04908102468794853, 0.7515457981085574,  743.5,
        -0.1609771442629793, 0.9839773177145608, -0.07664815423806592,  283.92999,
        -0.7357420921325684, -0.1714048822914123, -0.6552128950391136,  1131.92,
        0, 0, 0, 1]

gripper2base09: !!opencv-matrix
  rows: 4
  cols: 4
  dt: d
  data: [-0.923745679462229, -0.1572344666085333, 0.3492438393080218,  748.90002,
        -0.2274090830285402, 0.9588825937658753, -0.1697918522630138,  288.19,
        -0.3081867098808289, -0.2362657070323237, -0.9215201827728947,  910.58002,
        0, 0, 0, 1]

gripper2base10: !!opencv-matrix
  rows: 4
  cols: 4
  dt: d
  data: [-0.07070671020716013, -0.8891483182577163, 0.4521236941817913,  813.17999,
        -0.9651667442976475, -0.05347860948021664, -0.2561117261388871,  400.44,
        0.2519002556800842, -0.4544835880147069, -0.8543951219701817,  917.15997,
        0, 0, 0, 1]